X35:82379.239786,0.002004,82379.240452
X36:82379.282085,0.134291,82379.282653
X60:82380.640834,0.006738,82380.671248
X61:82380.646967,0.071455,82380.671277
X62:82380.685031,0.136671,82380.685134
X73:82381.172480,0.065961,82381.172568
X81:82381.510417,0.008587,82381.510559
X82:82381.513467,0.011428,82381.513630
X521:82406.447563,0.038001,82406.447842
X522:82406.481503,0.175398,82406.481732
X532:82407.045495,0.011297,82407.045668
X562:82408.725162,0.039673,82408.725365
X564:82408.752872,0.005991,82408.753046
X565:82408.767046,0.098587,82408.767204
X566:82408.800661,0.030925,82408.800872
X567:82408.844691,0.120127,82408.844926
X576:82409.251759,0.059158,82409.291304
X577:82409.305521,0.112858,82409.305693
X578:82409.346438,0.056246,82409.346578
X579:82409.361912,0.031218,82409.362098
X583:82409.598465,0.001244,82409.602265
X584:82409.614037,0.027035,82409.614159
X585:82409.622488,0.024330,82409.622679
X586:82409.635869,0.006944,82409.636002
X876:82426.375903,0.079054,82426.376101
X889:82427.139550,0.005995,82427.139746
X891:82427.197022,0.016779,82427.197203
X892:82427.201492,0.009366,82427.201632
X895:82427.381065,0.050675,82427.381225
X896:82427.389946,0.071001,82427.390153
X897:82427.428170,0.017305,82427.428296
X898:82427.483176,0.018187,82427.483369
X901:82427.538628,0.074144,82427.551270
X902:82427.586435,0.043277,82427.586581
X903:82427.592463,0.016849,82427.592619
X904:82427.626854,0.099700,82427.627051
X905:82427.634948,0.038139,82427.635139
X907:82427.714523,0.006937,82427.714677
X915:82428.088310,0.019340,82428.121411
X916:82428.100494,0.074062,82428.121442
X923:82428.356690,0.094753,82428.382808
X924:82428.365593,0.059096,82428.382831
X927:82428.499830,0.089507,82428.513193
X929:82428.612300,0.037407,82428.624357
X937:82428.949567,0.015570,82428.949744
X943:82429.286404,0.036131,82429.286617
X957:82430.020516,0.009339,82430.020641
X960:82430.113003,0.064762,82430.113175
X963:82430.396880,0.029446,82430.397075
X1059:82435.535970,0.029586,82435.536158
X1192:82442.798403,0.030392,82442.798582
X1217:82443.703277,0.075114,82443.703331
