X35:82262.791469,0.002004,82262.791672
X36:82262.833822,0.134291,82262.833981
X60:82264.192796,0.006738,82264.223211
X61:82264.199000,0.071455,82264.223251
X62:82264.237073,0.136671,82264.237253
X73:82264.724639,0.065961,82264.724784
X81:82265.062610,0.008587,82265.062789
X82:82265.065706,0.011428,82265.065875
X521:82290.001231,0.038001,82290.001430
X522:82290.035202,0.175398,82290.035379
X532:82290.599354,0.011297,82290.599463
X562:82292.278383,0.039673,82292.279102
X564:82292.305954,0.005991,82292.306385
X565:82292.320126,0.098587,82292.320294
X566:82292.353794,0.030925,82292.354356
X567:82292.397795,0.120127,82292.397965
X576:82292.804597,0.059158,82292.844447
X577:82292.858353,0.112858,82292.858449
X578:82292.899284,0.056246,82292.899371
X579:82292.914834,0.031218,82292.914992
X582:82293.094928,0.010045,82293.114449
X584:82293.167104,0.027035,82293.192283
X585:82293.175432,0.024330,82293.192316
X586:82293.188747,0.006944,82293.192319
X876:82309.926400,0.079054,82309.926597
X889:82310.689516,0.005995,82310.689558
X891:82310.747012,0.016779,82310.747220
X892:82310.751521,0.009366,82310.751552
X895:82310.931005,0.050675,82310.931240
X896:82310.939817,0.071001,82310.940001
X897:82310.978006,0.017305,82310.978134
X898:82311.032960,0.018187,82311.033126
X900:82311.075873,0.014724,82311.101868
X901:82311.088329,0.074144,82311.101884
X903:82311.142281,0.016849,82311.142393
X904:82311.176720,0.099700,82311.176875
X905:82311.184803,0.038139,82311.185200
X907:82311.264394,0.006937,82311.264521
X915:82311.638275,0.019340,82311.671349
X916:82311.650481,0.074062,82311.671380
X921:82311.892833,0.000884,82311.892996
X922:82311.894004,0.090784,82311.894095
X923:82311.906794,0.094753,82311.907025
X924:82311.915787,0.059096,82311.915909
X930:82312.238373,0.140569,82312.238558
X931:82312.239380,0.159827,82312.239600
X961:82313.788164,0.041819,82313.788286
X1059:82319.095052,0.029586,82319.095525
X1192:82326.357620,0.030392,82326.357710
X1217:82327.274324,0.075114,82327.274453
